4.166666865348815918e-01 -6.970258631385762271e+01
2.500000000000000000e-01 -6.969072151184082031e+01
1.154166722297668457e+01 -6.926716613769531250e+01
2.275000000000000000e+01 -7.007762908935546875e+01
3.198333511352539205e+01 -6.786690521240234375e+01
3.708333587646484375e+01 -6.874167480468750568e+01
4.675000000000000000e+01 -6.669564819335937500e+01
4.691666793823242188e+01 -6.664285278320312500e+01
5.558333587646484375e+01 -6.568618972677933243e+01
6.525000000000000000e+01 -6.679082277523009736e+01
7.591667175292968750e+01 -6.687599945068359375e+01
8.412500190734863281e+01 -6.576880645751953125e+01
9.380555725097656250e+01 -6.479320526123046875e+01
