4.166666865348815918e-01 -6.970258631385762271e+01
2.500000000000000000e-01 -6.969072151184082031e+01
1.154166722297668457e+01 -6.926716613769531250e+01
2.275000000000000000e+01 -7.007762908935546875e+01
3.198333511352539205e+01 -6.786690521240234375e+01
3.708333587646484375e+01 -6.874167480468750568e+01
4.675000000000000000e+01 -6.669564819335937500e+01
4.691666793823242188e+01 -6.664285278320312500e+01
5.558333587646484375e+01 -6.568618972677933243e+01
6.525000000000000000e+01 -6.679082277523009736e+01
7.591667175292968750e+01 -6.687599945068359375e+01
8.412500190734863281e+01 -6.576880645751953125e+01
9.380555725097656250e+01 -6.479320526123046875e+01
1.029166717529296875e+02 -6.486408996582031250e+01
1.119166717529296875e+02 -6.536620849609374773e+01
1.219166717529297017e+02 -6.556876207434613946e+01
1.317500000000000000e+02 -6.484773195706880244e+01
1.412500000000000000e+02 -6.568940819634332229e+01
1.514166717529296875e+02 -6.624320220947265625e+01
1.559166717529296875e+02 -6.682027457191222197e+01
1.634166717529296875e+02 -6.967626953125000000e+01
1.732500000000000000e+02 -7.201143074035644531e+01
1.822500000000000000e+02 -7.155558013916015625e+01
1.836071515764508888e+02 -7.438057708740234375e+01
1.965833435058593750e+02 -7.615834808349609375e+01
2.127500000000000000e+02 -7.532319868976721011e+01
2.264166717529296875e+02 -7.364080686347429605e+01
2.379166717529296875e+02 -7.260647583007812500e+01
2.504166717529296875e+02 -7.114250755310058594e+01
2.635833435058593750e+02 -7.059357147216796591e+01
2.747500000000000000e+02 -7.002075958251953125e+01
2.747500000000000000e+02 -6.996373748779296875e+01
2.854166870117187500e+02 -6.803297854336824457e+01
2.855833435058593750e+02 -6.799214935302734375e+01
2.921215552220158997e+02 -6.457941436767578125e+01
2.992934835682744392e+02 -6.211386489868164062e+01
3.072500000000000000e+02 -6.041211325209506100e+01
3.069166870117187500e+02 -6.182865905761718750e+01
3.057166687011718977e+02 -6.486408996582031250e+01
3.037500000000000000e+02 -6.891024780273437500e+01
3.087500000000000000e+02 -7.216094970703125000e+01
3.204166870117187500e+02 -7.401753234863281250e+01
3.347937116289472215e+02 -7.420007324218750000e+01
3.456233410644531432e+02 -7.139673614501953125e+01
3.567500000000000000e+02 -7.004919433593750000e+01
